40.640000	65.100000	40.280000	64.760000	40.280000	64.760000	39.920000	64.420000	39.920000	64.420000	39.610000	64.040000	39.610000	64.040000	39.300000	63.650000	39.300000	63.650000	39.000000	63.240000	39.000000	63.240000	38.710000	62.840000	38.710000	62.840000	38.410000	62.440000	38.410000	62.440000	38.110000	62.040000	38.110000	62.040000	37.820000	61.640000	37.820000	61.640000	37.532133	61.246582	37.532133	61.246582	37.520000	61.230000	37.520000	61.230000	37.502890	61.204947	37.502890	61.204947	37.240000	60.820000	37.240000	60.820000	37.074352	60.562325	37.074352	60.562325	36.970000	60.400000	36.970000	60.400000	36.710000	59.970000	36.710000	59.970000	36.460000	59.540000	36.460000	59.540000	36.190000	59.120000	36.190000	59.120000	36.160000	59.071539	36.160000	59.071539	35.930000	58.700000	35.930000	58.700000	35.710000	58.250000	35.710000	58.250000	35.490000	57.800000	35.490000	57.800000	35.270000	57.350000	35.270000	57.350000	35.050000	56.900000	
44.750001	64.660000	44.750000	64.140000	44.750000	64.140000	44.760000	63.610000	44.760000	63.610000	44.730000	63.090000	44.730000	63.090000	44.710000	62.560000	44.710000	62.560000	44.670000	62.030000	44.670000	62.030000	44.620000	61.510000	44.620000	61.510000	44.570000	60.990000	44.570000	60.990000	44.561563	60.878205	44.561563	60.878205	44.530000	60.460000	44.530000	60.460000	44.490000	59.940000	44.490000	59.940000	44.473088	59.641225	44.473088	59.641225	44.460000	59.410000	
38.400000	65.470000	38.340000	64.950000	38.340000	64.950000	38.280000	64.420000	
36.500000	64.210000	36.860000	64.540000	36.860000	64.540000	37.230000	64.880000	
35.080000	60.620000	35.340000	60.210000	35.340000	60.210000	35.600000	59.800000	35.600000	59.800000	35.820000	59.350000	35.820000	59.350000	36.030000	58.910000	
35.150000	59.340000	35.560000	59.070000	35.560000	59.070000	35.980000	58.800000	
34.680000	58.530000	35.100000	58.230000	35.100000	58.230000	35.520000	57.930000	
41.530000	61.960000	42.020000	61.870000	42.020000	61.870000	42.520000	61.780000	42.520000	61.780000	43.000000	61.680000	43.000000	61.680000	43.151417	61.652189	43.151417	61.652189	43.490000	61.590000	43.490000	61.590000	43.920000	61.320000	43.920000	61.320000	43.941331	61.306795	43.941331	61.306795	44.340000	61.060000	44.340000	61.060000	44.561563	60.878205	44.561563	60.878205	44.730000	60.740000	44.730000	60.740000	45.110000	60.420000	
44.670000	62.900000	44.270000	62.580000	44.270000	62.580000	43.880000	62.260000	43.880000	62.260000	43.490000	61.930000	43.490000	61.930000	43.151417	61.652189	43.151417	61.652189	43.100000	61.610000	43.100000	61.610000	42.660000	61.350000	42.660000	61.350000	42.230000	61.090000	42.230000	61.090000	41.830000	60.780000	41.830000	60.780000	41.440000	60.470000	41.440000	60.470000	40.950000	60.350000	40.950000	60.350000	40.549681	60.260133	40.549681	60.260133	40.496968	60.248299	40.496968	60.248299	40.460000	60.240000	
44.000000	61.430000	43.941331	61.306795	43.941331	61.306795	43.800000	61.010000	43.800000	61.010000	43.590000	60.590000	43.590000	60.590000	43.440000	60.150000	43.440000	60.150000	43.290000	59.700000	43.290000	59.700000	43.180000	59.250000	43.180000	59.250000	43.080000	58.790000	43.080000	58.790000	43.090000	58.320000	43.090000	58.320000	43.110000	57.860000	43.110000	57.860000	43.040000	57.400000	43.040000	57.400000	42.970000	56.930000	42.970000	56.930000	42.890000	56.470000	42.890000	56.470000	42.810000	56.020000	42.810000	56.020000	42.820000	55.550000	42.820000	55.550000	42.831531	55.279012	42.831531	55.279012	42.839380	55.094574	42.839380	55.094574	42.840000	55.080000	
40.170000	59.170000	40.320000	58.710000	40.320000	58.710000	40.470000	58.260000	40.470000	58.260000	40.740000	57.860000	40.740000	57.860000	41.010000	57.470000	41.010000	57.470000	41.300000	57.090000	41.300000	57.090000	41.590000	56.710000	41.590000	56.710000	41.890000	56.330000	41.890000	56.330000	41.963358	56.233876	41.963358	56.233876	42.180000	55.950000	42.180000	55.950000	42.510000	55.610000	42.510000	55.610000	42.831531	55.279012	42.831531	55.279012	42.850000	55.260000	
43.460000	60.300000	43.060000	59.900000	43.060000	59.900000	42.660000	59.510000	42.660000	59.510000	42.330000	59.060000	42.330000	59.060000	41.990000	58.610000	41.990000	58.610000	41.810000	58.070000	41.810000	58.070000	41.650501	57.600364	41.650501	57.600364	41.630000	57.540000	
39.590000	61.800000	39.860000	61.360000	39.860000	61.360000	40.120000	60.920000	40.120000	60.920000	40.400000	60.490000	40.400000	60.490000	40.519223	60.306908	40.519223	60.306908	40.549681	60.260133	40.549681	60.260133	40.680000	60.060000	40.680000	60.060000	40.900000	59.610000	40.900000	59.610000	41.130000	59.150000	41.130000	59.150000	41.300000	58.670000	41.300000	58.670000	41.480000	58.190000	41.480000	58.190000	41.620000	57.700000	41.620000	57.700000	41.650501	57.600364	41.650501	57.600364	41.770000	57.210000	41.770000	57.210000	41.870000	56.710000	41.870000	56.710000	41.963358	56.233876	41.963358	56.233876	41.970000	56.200000	41.970000	56.200000	42.070000	55.700000	42.070000	55.700000	42.170000	55.200000	
40.160000	59.230000	40.070000	58.770000	40.070000	58.770000	39.970000	58.310000	39.970000	58.310000	39.860000	57.860000	39.860000	57.860000	39.778974	57.556154	39.778974	57.556154	39.740000	57.410000	39.740000	57.410000	39.640000	56.950000	39.640000	56.950000	39.540000	56.490000	39.540000	56.490000	39.510000	56.030000	39.510000	56.030000	39.480000	55.560000	39.480000	55.560000	39.560000	55.110000	39.560000	55.110000	39.640000	54.660000	
39.770000	57.610000	39.778974	57.556154	39.778974	57.556154	39.860000	57.070000	39.860000	57.070000	39.940000	56.540000	39.940000	56.540000	39.970000	55.990000	39.970000	55.990000	40.000000	55.450000	
40.430000	60.030000	40.427368	60.025579	40.427368	60.025579	40.180000	59.610000	40.180000	59.610000	39.930000	59.200000	39.930000	59.200000	39.690000	58.780000	39.690000	58.780000	39.440000	58.370000	
39.790000	58.380000	39.400000	58.140000	39.400000	58.140000	39.298253	58.077386	39.298253	58.077386	39.010000	57.900000	39.010000	57.900000	38.840000	57.440000	38.840000	57.440000	38.660000	56.970000	38.660000	56.970000	38.480000	56.510000	38.480000	56.510000	38.300000	56.050000	38.300000	56.050000	38.140000	55.580000	38.140000	55.580000	37.970000	55.100000	
37.520000	61.300000	37.502890	61.204947	37.502890	61.204947	37.430000	60.800000	37.430000	60.800000	37.350000	60.310000	37.350000	60.310000	37.328605	59.953411	37.328605	59.953411	37.320000	59.810000	37.320000	59.810000	37.280000	59.310000	37.280000	59.310000	37.330000	58.800000	37.330000	58.800000	37.380000	58.300000	37.380001	58.300000	37.380000	57.800000	37.380000	57.800000	37.370000	57.300000	37.370000	57.300000	37.360000	56.790000	37.360000	56.790000	37.340000	56.290000	37.340000	56.290000	37.370000	55.790000	37.370000	55.790000	37.400000	55.290000	
37.520000	61.330000	37.532133	61.246582	37.532133	61.246582	37.600000	60.780000	37.600000	60.780000	37.670000	60.230000	37.670000	60.230000	37.820000	59.700000	37.820000	59.700000	37.943943	59.221934	37.943943	59.221934	37.960000	59.160000	
36.600000	62.480000	36.690000	62.010000	36.690000	62.010000	36.790000	61.540000	36.790000	61.540000	36.920000	61.080000	36.920000	61.080000	37.050000	60.620000	37.050000	60.620000	37.074352	60.562325	37.074352	60.562325	37.240000	60.170000	37.240000	60.170000	37.328605	59.953411	37.328605	59.953411	37.420000	59.730000	37.420000	59.730000	37.750000	59.410000	37.750000	59.410000	37.943943	59.221934	37.943943	59.221934	38.080000	59.090000	38.080000	59.090000	38.440000	58.770000	38.440000	58.770000	38.810000	58.450000	38.810000	58.450000	39.190000	58.160000	39.190000	58.160000	39.298253	58.077386	39.298253	58.077386	39.570000	57.870000	
36.330000	60.370000	36.250000	59.890000	36.250000	59.890000	36.160000	59.410000	36.160001	59.410000	36.160000	59.071539	36.160000	59.071539	36.160000	58.920000	36.160000	58.920000	36.170000	58.430000	36.170000	58.430000	36.160000	57.940000	36.160000	57.940000	36.150000	57.450000	36.150000	57.450000	36.220000	56.960000	36.220000	56.960000	36.300000	56.480000	36.300000	56.480000	36.330000	55.990000	36.330000	55.990000	36.370000	55.500000	36.370000	55.500000	36.400000	55.010000	36.400000	55.010000	36.420000	54.530000	
42.720000	54.820000	42.839380	55.094574	42.839380	55.094574	42.920000	55.280000	42.920000	55.280000	43.120000	55.730000	43.120000	55.730000	43.300000	56.200000	43.300000	56.200000	43.480000	56.660000	43.480000	56.660000	43.650000	57.130000	43.650000	57.130000	43.810000	57.590000	43.810000	57.590000	44.000000	58.050000	44.000000	58.050000	44.180000	58.510000	44.180000	58.510000	44.300000	58.990000	44.300000	58.990000	44.410000	59.480000	44.410000	59.480000	44.473088	59.641225	44.473088	59.641225	44.590000	59.940000	44.590000	59.940000	44.760000	60.400000	

