47.170000	81.840000	47.510000	81.460000	47.510000	81.460000	47.850000	81.090000	47.850000	81.090000	48.140000	80.680000	48.140000	80.680000	48.430000	80.270000	48.430000	80.270000	48.790000	79.910000	48.790000	79.910000	48.892615	79.810236	48.892615	79.810236	49.150000	79.560000	49.150000	79.560000	49.332598	79.361291	49.332598	79.361291	49.490000	79.190000	49.490000	79.190000	49.840000	78.820000	49.840000	78.820000	49.866752	78.700833	49.866752	78.700833	49.950000	78.330000	49.950000	78.330000	50.070000	77.850000	50.070000	77.850000	50.192914	77.633670	50.192914	77.633670	50.264265	77.508094	50.264265	77.508094	50.320000	77.410000	50.320000	77.410000	50.474549	77.126661	50.474549	77.126661	50.560000	76.970000	50.560000	76.970000	50.800000	76.520000	50.800000	76.520000	51.030000	76.070000	
47.490000	84.730000	47.700000	84.280000	47.700000	84.280000	47.910000	83.830000	47.910000	83.830000	48.090000	83.370000	48.090000	83.370000	48.270000	82.910000	48.270000	82.910000	48.350000	82.420000	48.350000	82.420000	48.430000	81.940000	48.430000	81.940000	48.540000	81.460000	48.540000	81.460000	48.650000	80.980000	48.650000	80.980000	48.760000	80.500000	48.760000	80.500000	48.860000	80.010000	48.860000	80.010000	48.892615	79.810236	48.892615	79.810236	48.940000	79.520000	48.940000	79.520000	49.010000	79.040000	49.010000	79.040000	49.031583	78.984844	49.031583	78.984844	49.190000	78.580000	49.190000	78.580000	49.380000	78.120000	49.380000	78.120000	49.518506	77.713138	49.518506	77.713138	49.540000	77.650000	49.540000	77.650000	49.541809	77.645106	49.541809	77.645106	49.710000	77.190000	49.710000	77.190000	49.830000	76.710000	49.830000	76.710000	49.950000	76.230000	49.950000	76.230000	50.130000	75.770000	50.130000	75.770000	50.320000	75.320000	
49.440000	85.150000	49.080000	84.840000	49.080000	84.840000	48.720000	84.520000	48.720000	84.520000	48.320000	84.260000	48.320000	84.260000	47.920000	83.990000	
50.820000	85.370000	50.908830	84.952500	50.908830	84.952500	50.920000	84.900000	50.920000	84.900000	51.010000	84.430000	51.010000	84.430000	51.030000	83.950000	51.030000	83.950000	51.050000	83.460000	51.050001	83.460000	51.050001	82.980000	51.050001	82.980000	51.050000	82.500000	
50.910000	84.980000	50.908830	84.952500	50.908830	84.952500	50.890000	84.510000	50.890000	84.510000	50.880000	84.040000	50.880000	84.040000	50.830000	83.570000	50.830000	83.570000	50.790000	83.100000	50.790000	83.100000	50.760000	82.630000	50.760000	82.630000	50.730000	82.160000	50.730000	82.160000	50.700000	81.690000	50.700000	81.690000	50.693659	81.540976	50.693659	81.540976	50.680000	81.220000	50.680000	81.220000	50.730000	80.750000	50.730000	80.750000	50.790000	80.280000	50.790000	80.280000	50.770000	79.820000	50.770000	79.820000	50.750000	79.350000	50.750000	79.350000	50.660000	78.890000	50.660000	78.890000	50.560000	78.430000	50.560000	78.430000	50.420000	77.980000	50.420000	77.980000	50.270000	77.530000	
50.250000	80.090000	49.850000	79.800000	49.850000	79.800000	49.450000	79.510000	49.450000	79.510000	49.332598	79.361291	49.332598	79.361291	49.150000	79.130000	49.150000	79.130000	49.031583	78.984844	49.031583	78.984844	48.840000	78.750000	48.840000	78.750000	48.610000	78.320000	48.610000	78.320000	48.370000	77.880000	48.370000	77.880000	48.216713	77.586755	48.216713	77.586755	48.205950	77.566165	48.205950	77.566165	48.140000	77.440000	48.140000	77.440000	47.920000	77.000000	47.920000	77.000000	47.660000	76.580000	47.660000	76.580000	47.410000	76.160000	47.410000	76.160000	47.120000	75.760000	47.120000	75.760000	46.830000	75.360000	
50.300000	77.620000	50.269301	77.623919	50.269301	77.623919	50.192914	77.633670	50.192914	77.633670	49.830000	77.680000	49.830000	77.680000	49.564182	77.708279	49.564182	77.708279	49.518506	77.713138	49.518506	77.713138	49.360000	77.730000	49.360000	77.730000	48.890000	77.690000	48.890000	77.690000	48.420000	77.650000	48.420000	77.650000	48.216713	77.586755	48.216713	77.586755	47.970000	77.510000	47.970000	77.510000	47.510000	77.380000	47.510000	77.380000	47.050000	77.280000	47.050000	77.280000	46.590000	77.170000	
48.240000	77.590000	48.205950	77.566165	48.205950	77.566165	47.840000	77.310000	47.840000	77.310000	47.440000	77.040000	47.440000	77.040000	47.060000	76.740000	47.060000	76.740000	46.680000	76.440000	
50.230000	79.940000	50.231224	79.925918	50.231224	79.925918	50.270000	79.480000	50.270000	79.480000	50.320000	79.020000	50.320000	79.020000	50.300000	78.560000	50.300000	78.560000	50.290000	78.100000	50.290000	78.100000	50.270000	77.640000	50.270000	77.640000	50.269301	77.623919	50.269301	77.623919	50.264265	77.508094	50.264265	77.508094	50.250000	77.180000	50.250000	77.180000	50.230000	76.720000	50.230000	76.720000	50.210000	76.260000	50.210000	76.260000	50.270000	75.810000	50.270000	75.810000	50.330000	75.350000	
55.130000	75.510000	54.790638	75.868754	54.790638	75.868754	54.780000	75.880000	54.780000	75.880000	54.440000	76.240000	54.440000	76.240000	54.120000	76.640000	54.120000	76.640000	53.800000	77.030000	53.800000	77.030000	53.777378	77.065189	53.777378	77.065189	53.530000	77.450000	53.530000	77.450000	53.250000	77.870000	53.250000	77.870000	52.990000	78.310000	52.990000	78.310000	52.740000	78.750000	52.740000	78.750000	52.250000	78.690000	52.250000	78.690000	51.750000	78.640000	51.750000	78.640000	51.390000	78.280000	51.390000	78.280000	51.030000	77.930000	51.030000	77.930000	50.750000	77.530000	50.750000	77.530000	50.474549	77.126661	50.474549	77.126661	50.470000	77.120000	50.470000	77.120000	50.490000	76.620000	50.490000	76.620000	50.500000	76.110000	50.500000	76.110000	50.460000	75.610000	50.460000	75.610000	50.430000	75.100000	
50.490000	75.930000	50.920000	76.010000	50.920000	76.010000	51.360000	76.100000	51.360000	76.100000	51.790000	76.140000	51.790000	76.140000	52.220000	76.190000	52.220000	76.190000	52.620000	76.380000	52.620000	76.380000	53.020000	76.570000	53.020000	76.570000	53.370000	76.830000	53.370000	76.830000	53.655535	77.050270	53.655535	77.050270	53.720000	77.100000	
54.840000	74.970000	55.090000	75.400000	55.090000	75.400000	55.350000	75.830000	55.350000	75.830000	55.513105	76.063007	55.513105	76.063007	55.630000	76.230000	55.630000	76.230000	55.910000	76.630000	55.910000	76.630000	56.240000	77.000000	56.240000	77.000000	56.560000	77.380000	56.560000	77.380000	56.780280	77.750070	56.780280	77.750070	56.810000	77.800000	56.810000	77.800000	57.050000	78.230000	
56.630000	83.620000	56.160000	83.440000	56.160000	83.440000	55.690000	83.260000	55.690000	83.260000	55.426545	83.096909	55.426545	83.096909	55.270000	83.000000	55.270000	83.000000	54.840000	82.730000	54.840000	82.730000	54.682500	82.625000	54.682500	82.625000	54.420000	82.450000	54.420000	82.450000	54.010000	82.170000	54.010000	82.170000	53.861371	82.033422	53.861371	82.033422	53.640000	81.830000	53.640000	81.830000	53.270000	81.500000	53.270000	81.500000	52.910000	81.140000	52.910000	81.140000	52.560000	80.780000	
54.120000	81.620000	54.106696	81.612884	54.106696	81.612884	53.690000	81.390000	53.690000	81.390000	53.250000	81.160000	53.250000	81.160000	52.830000	80.920000	52.830000	80.920000	52.400000	80.680000	52.400000	80.680000	51.970000	80.440000	51.970000	80.440000	51.550000	80.190000	
53.790000	85.170000	54.160000	84.860000	54.160000	84.860000	54.520000	84.560000	54.520000	84.560000	54.800000	84.180000	54.800000	84.180000	55.070000	83.790000	55.070000	83.790000	55.290000	83.370000	55.290000	83.370000	55.426545	83.096909	55.426545	83.096909	55.500000	82.950000	55.500000	82.950000	55.630000	82.490000	55.630000	82.490000	55.770000	82.040000	55.770000	82.040000	55.950000	81.600000	55.950000	81.600000	56.130000	81.160000	56.130000	81.160000	56.290000	80.720000	56.290000	80.720000	56.450000	80.270000	56.450000	80.270000	56.590000	79.820000	56.590000	79.820000	56.730000	79.370000	56.730000	79.370000	56.920000	78.930000	56.920000	78.930000	57.110000	78.500000	
52.540000	85.260000	52.910000	84.980000	52.910000	84.980000	53.280000	84.700000	53.280000	84.700000	53.560000	84.320000	53.560000	84.320000	53.840000	83.950000	53.840000	83.950000	54.120000	83.570000	54.120000	83.570000	54.400000	83.190000	54.400000	83.190000	54.610000	82.770000	54.610000	82.770000	54.682500	82.625000	54.682500	82.625000	54.820000	82.350000	54.820000	82.350000	54.970000	81.910000	54.970000	81.910000	55.130000	81.470000	55.130000	81.470000	55.290000	81.030000	55.290000	81.030000	55.460000	80.590000	55.460000	80.590000	55.640000	80.160000	55.640000	80.160000	55.830000	79.730000	55.830000	79.730000	56.030000	79.310000	56.030000	79.310000	56.100772	79.149831	56.100772	79.149831	56.220000	78.880000	
52.190000	84.470000	52.520000	84.100000	52.520000	84.100000	52.850000	83.730000	52.850000	83.730000	53.090000	83.290000	53.090000	83.290000	53.330000	82.860000	53.330000	82.860000	53.600000	82.440000	53.600000	82.440000	53.861371	82.033422	53.861371	82.033422	53.870000	82.020000	53.870000	82.020000	54.106696	81.612884	54.106696	81.612884	54.120000	81.590000	54.120000	81.590000	54.360000	81.160000	54.360000	81.160000	54.660000	80.760000	54.660000	80.760000	54.960000	80.360000	54.960000	80.360000	55.290000	79.990000	55.290000	79.990000	55.610000	79.610000	55.610000	79.610000	55.970000	79.270000	55.970000	79.270000	56.100772	79.149831	56.100772	79.149831	56.340000	78.930000	56.340000	78.930000	56.730000	78.630000	56.730000	78.630000	57.120000	78.320000	
51.520000	76.960000	52.010000	76.980000	52.010000	76.980000	52.510000	76.990000	52.510000	76.990000	53.000000	77.010000	53.000000	77.010000	53.490000	77.030000	53.490000	77.030000	53.655535	77.050270	53.655535	77.050270	53.777378	77.065189	53.777378	77.065189	53.980000	77.090000	53.980000	77.090000	54.470000	77.150000	54.470000	77.150000	54.950000	77.290000	54.950000	77.290000	55.420000	77.420000	55.420000	77.420000	55.900000	77.530000	55.900000	77.530000	56.380000	77.650000	56.380000	77.650000	56.780280	77.750070	56.780280	77.750070	56.860000	77.770000	56.860000	77.770000	57.330000	77.900000	
56.550000	76.080000	56.040000	76.080000	56.040000	76.080000	55.540000	76.070000	55.540000	76.070000	55.513105	76.063007	55.513105	76.063007	55.040000	75.940000	55.040000	75.940000	54.790638	75.868754	54.790638	75.868754	54.550000	75.800000	54.550000	75.800000	54.040000	75.740000	54.040000	75.740000	53.530000	75.680000	53.530000	75.680000	53.060000	75.480000	53.060000	75.480000	52.590000	75.280000	52.590000	75.280000	52.120000	75.140000	52.120000	75.140000	51.640000	75.010000	

