129.850000	68.230000	130.320000	68.320000	130.320000	68.320000	130.790000	68.420000	
129.970000	69.830000	130.300000	69.490000	130.300000	69.490000	130.630000	69.150000	130.630000	69.150000	130.801442	68.956436	130.801442	68.956436	130.940000	68.800000	130.940000	68.800000	131.260000	68.450000	131.260000	68.450000	131.690000	68.300000	131.690000	68.300000	132.110000	68.150000	132.110000	68.150000	132.410000	68.470000	132.410000	68.470000	132.700000	68.780000	132.700001	68.780000	132.700000	69.250000	132.700000	69.250000	132.710000	69.720000	
132.540000	68.340000	132.970000	68.220000	132.970000	68.220000	133.400000	68.100000	133.400000	68.100000	133.850000	68.020000	133.850000	68.020000	134.310000	67.940000	134.310000	67.940000	134.760000	68.030000	134.760000	68.030000	135.200000	68.110000	135.200000	68.110000	135.660000	68.160000	135.660000	68.160000	136.120000	68.210000	136.120000	68.210000	136.560000	68.080000	136.560000	68.080000	137.000000	67.960000	
132.570000	68.310000	132.870000	67.850000	132.870000	67.850000	133.170000	67.390000	133.170000	67.390000	133.530000	66.970000	133.530000	66.970000	133.890000	66.550000	
130.050000	68.230000	130.010000	67.720000	130.010000	67.720000	129.960000	67.220000	
130.660000	70.030000	130.730000	69.530000	130.730000	69.530000	130.800000	69.030000	130.800000	69.030000	130.801442	68.956436	130.801442	68.956436	130.810000	68.520000	130.810000	68.520000	130.830000	68.010000	130.830000	68.010000	130.890000	67.510000	130.890000	67.510000	130.950000	67.010000	130.950000	67.010000	131.130000	66.530000	131.130000	66.530000	131.310000	66.060000	131.310000	66.060000	131.420000	65.570000	131.420000	65.570000	131.452239	65.438358	131.452239	65.438358	131.540000	65.080000	131.540000	65.080000	131.660000	64.590000	131.660000	64.590000	131.770000	64.100000	131.770000	64.100000	131.910000	63.610000	131.910000	63.610000	132.050000	63.120000	132.050000	63.120000	132.170000	62.630000	132.170000	62.630000	132.280000	62.140000	132.280000	62.140000	132.326520	62.008649	132.326520	62.008649	132.450000	61.660000	132.450000	61.660000	132.610000	61.180000	132.610000	61.180000	132.810000	60.710000	132.810000	60.710000	133.010000	60.250000	
131.910000	68.110000	131.830000	67.640000	131.830000	67.640000	131.750000	67.160000	131.750000	67.160000	131.670000	66.690000	131.670000	66.690000	131.590000	66.210000	131.590000	66.210000	131.510000	65.740000	131.510000	65.740000	131.452239	65.438358	131.452239	65.438358	131.420000	65.270000	131.420000	65.270000	131.280000	64.810000	131.280000	64.810000	131.130000	64.350000	131.130000	64.350000	130.970000	63.900000	130.970000	63.900000	130.810000	63.440000	130.810000	63.440000	130.610000	63.000000	130.610000	63.000000	130.420000	62.560000	130.420000	62.560000	130.290000	62.100000	130.290000	62.100000	130.150000	61.640000	130.150000	61.640000	130.090000	61.160000	130.090000	61.160000	130.030000	60.690000	
133.370000	66.870000	133.420000	66.400000	133.420000	66.400000	133.470000	65.930000	133.470000	65.930000	133.500000	65.460000	133.500000	65.460000	133.520000	64.980000	133.520000	64.980000	133.620000	64.520000	133.620000	64.520000	133.710915	64.101790	133.710915	64.101790	133.720000	64.060000	
130.120000	60.010000	130.470000	60.360000	130.470000	60.360000	130.830000	60.710000	130.830000	60.710000	131.210000	61.040000	131.210000	61.040000	131.580000	61.370000	131.580000	61.370000	131.960000	61.700000	131.960000	61.700000	132.326520	62.008649	132.326520	62.008649	132.340000	62.020000	132.340000	62.020000	132.660000	62.410000	132.660000	62.410000	132.980000	62.790000	132.980000	62.790000	133.240000	63.220000	133.240000	63.220000	133.490000	63.660000	133.490000	63.660000	133.710000	64.100000	133.710000	64.100000	133.710915	64.101790	133.710915	64.101790	133.940000	64.550000	133.940000	64.550000	134.260000	64.910000	134.260000	64.910000	134.580000	65.280000	134.580000	65.280000	134.960000	65.590000	134.960000	65.590000	135.287968	65.859102	135.287968	65.859102	135.350000	65.910000	135.350000	65.910000	135.610000	66.330000	135.610000	66.330000	135.733387	66.521935	135.733387	66.521935	135.880000	66.750000	135.880000	66.750000	136.190000	67.140000	136.190000	67.140000	136.510000	67.520000	136.510000	67.520000	136.890000	67.840000	136.890000	67.840000	137.280000	68.160000	137.280000	68.160000	137.670000	68.470000	137.670000	68.470000	138.060000	68.780000	138.060000	68.780000	138.390000	69.160000	138.390000	69.160000	138.710000	69.540000	
133.250000	60.140000	133.450000	60.580000	133.450000	60.580000	133.640000	61.030000	133.640000	61.030000	133.930000	61.430000	133.930000	61.430000	134.220000	61.830000	134.220000	61.830000	134.410000	62.280000	134.410000	62.280000	134.590000	62.740000	134.590000	62.740000	134.740000	63.210000	134.740000	63.210000	134.880000	63.680000	134.880000	63.680000	134.960000	64.160000	134.960000	64.160000	135.050000	64.640000	135.050000	64.640000	135.130000	65.130000	135.130000	65.130000	135.171686	65.385326	135.171686	65.385326	135.210000	65.620000	135.210000	65.620000	135.287968	65.859102	135.287968	65.859102	135.360000	66.080000	135.360000	66.080000	135.510000	66.550000	
135.650000	66.490000	135.733387	66.521935	135.733387	66.521935	136.120000	66.670000	136.120000	66.670000	136.590000	66.860000	136.590000	66.860000	137.020000	67.150000	137.020000	67.150000	137.450000	67.440000	137.450000	67.440000	137.920000	67.650000	137.920000	67.650000	137.926986	67.653189	137.926986	67.653189	138.380000	67.860000	138.380000	67.860000	138.860000	68.060000	138.860000	68.060000	139.340000	68.250000	139.340000	68.250000	139.840000	68.340000	139.840000	68.340000	140.340000	68.440000	
137.820000	67.730000	137.926986	67.653189	137.926986	67.653189	138.210000	67.450000	138.210000	67.450000	138.600000	67.170000	138.600000	67.170000	139.080000	67.050000	139.080000	67.050000	139.560000	66.940000	
135.160000	65.390000	135.171686	65.385326	135.171686	65.385326	135.610000	65.210000	135.610000	65.210000	136.050000	65.030000	136.050000	65.030000	136.480000	64.820000	136.480000	64.820000	136.910000	64.610000	136.910000	64.610000	137.320000	64.370000	137.320000	64.370000	137.740000	64.130000	137.740000	64.130000	138.120000	63.840000	138.120000	63.840000	138.500000	63.550000	138.500000	63.550000	138.880000	63.250000	138.880000	63.250000	139.250000	62.960000	139.250000	62.960000	139.610000	62.640000	139.610000	62.640000	139.960000	62.320000	
